[Thinet_rate]
layer3 = 0.1
layer4 = 0.5
layer5 = 0.5
layer6 = 0.4
layer7 = 0.05
layer8 = 0.15
layer9 = 0.75
layer10 = 0.85
layer11 = 0.9
layer12 = 0.95

[Thinet_acc]
layer3 = 0.86900014
layer4 = 0.88179994
layer5 = 0.8835003
layer6 = 0.8929998
layer7 = 0.90060014
layer8 = 0.87299997
layer9 = 0.9033001
layer10 = 0.9030001
layer11 = 0.87920004
layer12 = 0.8711997

[L1_rate]
layer8 = 0.1
layer9 = 0.7
layer10 = 0.85
layer11 = 0.9
layer12 = 0.95

[L1_acc]
layer8 = 0.9031001
layer9 = 0.88430035
layer10 = 0.8960999
layer11 = 0.8961
layer12 = 0.9085002

